{
  "vertex": [
    {"col": [1, 2], "name": "carrier_destcity", "score": 4.046736258475823, "id": 0},
    {"col": [1, 3], "name": "carrier_depdelay", "score": 7.506981799056286, "id": 1},
    {"col": [1, 4], "name": "carrier_arrdelay", "score": 8.199446450963224, "id": 2},
    {"col": [1, 5], "name": "carrier_time", "score": 8.175579085159955, "id": 3},
    {"col": [2, 3], "name": "destcity_depdelay", "score": 8.566477259289199, "id": 4},
    {"col": [2, 4], "name": "destcity_arrdelay", "score": 9.228350962079034, "id": 5},
    {"col": [2, 5], "name": "destcity_time", "score": 7.635086604083006, "id": 6},
    {"col": [3, 4], "name": "depdelay_arrdelay", "score": 10.525196107892212, "id": 7},
    {"col": [3, 5], "name": "depdelay_time", "score": 11.142779199858461, "id": 8},
    {"col": [4, 5], "name": "arrdelay_time", "score": 11.430907196265775, "id": 9}
  ],
  "edge": [
    [0, 8.072275708171643, 8.597918282407903, 10.688876018580354, 11.016060182593673, 11.616709658614834, 10.052947998376718, 11.797489617157321, 13.640646939899732, 14.131232791283342],
    [8.072275708171643, 0, 13.933360685261327, 13.886212559133673, 15.745931459291961, 15.319870056481722, 12.53017666220002, 17.70357644906765, 18.362032172910975, 18.613693902685952],
    [8.597918282407903, 13.933360685261327, 0, 15.142318847977233, 15.393776860872086, 17.246990915297495, 14.134773717935106, 18.5590968668442, 19.111022578388148, 19.50180933141333],
    [10.688876018580354, 13.886212559133673, 15.142318847977233, 0, 15.872401192862446, 16.84132680595166, 15.671350845859779, 18.400291075236243, 19.203828913614327, 19.50105395667331],
    [11.016060182593673, 15.745931459291961, 15.393776860872086, 15.872401192862446, 0, 17.288957760077203, 15.304265558027112, 18.850367747596792, 19.598438379183357, 19.85915151185429],
    [11.616709658614834, 15.319870056481722, 17.246990915297495, 16.84132680595166, 17.288957760077203, 0, 16.18704754113388, 19.63244609412328, 20.2679965372321, 20.607940486148685],
    [10.052947998376718, 12.53017666220002, 14.134773717935106, 15.671350845859779, 15.304265558027112, 16.18704754113388, 0, 17.735897909338217, 18.64086669686392, 18.934501532728856],
    [11.797489617157321, 17.70357644906765, 18.5590968668442, 18.400291075236243, 18.850367747596792, 19.63244609412328, 17.735897909338217, 0, 21.619027672517728, 21.923089995178078],
    [13.640646939899732, 18.362032172910975, 19.111022578388148, 19.203828913614327, 19.598438379183357, 20.2679965372321, 18.64086669686392, 21.619027672517728, 0, 22.554483395199224],
    [14.131232791283342, 18.613693902685952, 19.50180933141333, 19.50105395667331, 19.85915151185429, 20.607940486148685, 18.934501532728856, 21.923089995178078, 22.554483395199224, 0]
  ],
  "tree": {
    "9 8 7 5 4 ": 87.35479577584397
  }
}
