{
  "vertex": [
    {
      "col": [
        0,
        1
      ],
      "name": "Name_Miles-per-Gallon",
      "score": 8.63085315856444,
      "id": 0
    },
    {
      "col": [
        0,
        2
      ],
      "name": "Name_Cylinders",
      "score": 8.156364343413118,
      "id": 1
    },
    {
      "col": [
        0,
        3
      ],
      "name": "Name_Displacement",
      "score": 8.392444322309588,
      "id": 2
    },
    {
      "col": [
        0,
        4
      ],
      "name": "Name_Horsepower",
      "score": 8.526753004607567,
      "id": 3
    },
    {
      "col": [
        0,
        5
      ],
      "name": "Name_Weight-in-lbs",
      "score": 8.660409808810746,
      "id": 4
    },
    {
      "col": [
        0,
        6
      ],
      "name": "Name_Acceleration",
      "score": 8.621000941815673,
      "id": 5
    },
    {
      "col": [
        0,
        7
      ],
      "name": "Name_Year",
      "score": 8.650557592061979,
      "id": 6
    },
    {
      "col": [
        1,
        2
      ],
      "name": "Miles-per-Gallon_Cylinders",
      "score": 6.670388019195386,
      "id": 7
    },
    {
      "col": [
        1,
        3
      ],
      "name": "Miles-per-Gallon_Displacement",
      "score": 8.278491951603936,
      "id": 8
    },
    {
      "col": [
        1,
        4
      ],
      "name": "Miles-per-Gallon_Horsepower",
      "score": 8.323232831003887,
      "id": 9
    },
    {
      "col": [
        1,
        5
      ],
      "name": "Miles-per-Gallon_Weight-in-lbs",
      "score": 8.635779266938826,
      "id": 10
    },
    {
      "col": [
        1,
        6
      ],
      "name": "Miles-per-Gallon_Acceleration",
      "score": 8.367813780437654,
      "id": 11
    },
    {
      "col": [
        1,
        7
      ],
      "name": "Miles-per-Gallon_Year",
      "score": 7.8657481343440585,
      "id": 12
    },
    {
      "col": [
        2,
        3
      ],
      "name": "Cylinders_Displacement",
      "score": 5.781919204111591,
      "id": 13
    },
    {
      "col": [
        2,
        4
      ],
      "name": "Cylinders_Horsepower",
      "score": 6.339622106092376,
      "id": 14
    },
    {
      "col": [
        2,
        5
      ],
      "name": "Cylinders_Weight-in-lbs",
      "score": 8.426371508296826,
      "id": 15
    },
    {
      "col": [
        2,
        6
      ],
      "name": "Cylinders_Acceleration",
      "score": 6.7718262979857125,
      "id": 16
    },
    {
      "col": [
        2,
        7
      ],
      "name": "Cylinders_Year",
      "score": 4.8799945356043475,
      "id": 17
    },
    {
      "col": [
        3,
        4
      ],
      "name": "Displacement_Horsepower",
      "score": 7.654573849505844,
      "id": 18
    },
    {
      "col": [
        3,
        5
      ],
      "name": "Displacement_Weight-in-lbs",
      "score": 8.614215504618224,
      "id": 19
    },
    {
      "col": [
        3,
        6
      ],
      "name": "Displacement_Acceleration",
      "score": 8.352479882681056,
      "id": 20
    },
    {
      "col": [
        3,
        7
      ],
      "name": "Displacement_Year",
      "score": 7.947854436930245,
      "id": 21
    },
    {
      "col": [
        4,
        5
      ],
      "name": "Horsepower_Weight-in-lbs",
      "score": 8.616074833441289,
      "id": 22
    },
    {
      "col": [
        4,
        6
      ],
      "name": "Horsepower_Acceleration",
      "score": 8.409081976255795,
      "id": 23
    },
    {
      "col": [
        4,
        7
      ],
      "name": "Horsepower_Year",
      "score": 7.917240004558639,
      "id": 24
    },
    {
      "col": [
        5,
        6
      ],
      "name": "Weight-in-lbs_Acceleration",
      "score": 8.655483700436362,
      "id": 25
    },
    {
      "col": [
        5,
        7
      ],
      "name": "Weight-in-lbs_Year",
      "score": 8.616074833441289,
      "id": 26
    },
    {
      "col": [
        6,
        7
      ],
      "name": "Acceleration_Year",
      "score": 7.857388781873089,
      "id": 27
    }
  ],
  "edge": [[0, 0.06689443012449914, 0.054968311608714515, 0.04967313274091367, 0.04396419574871757, 0.04561403008720433, 0.044546495919835394, 0.22130780399958638, 0.062263156918927365, 0.06053102662156107, 0.04489425179438555, 0.05792102532025467, 0.08628630801532822, 0.33774608703667397, 0.25300661780409683, 0.05391338512434274, 0.1863753714938099, 0.5699102137959002, 0.10095823640423873, 0.04579843568526698, 0.05749098406128894, 0.07782443696135033, 0.04563829663091923, 0.05512708225755958, 0.08095410249361734, 0.04415020695785188, 0.04584857438376844, 0.08359364422688742], [0.06689443012449914, 0, 0.06507646454008054, 0.06630664874571934, 0.06716136210537726, 0.06685803030892501, 0.06758829791146326, 0.3445361679726098, 0.09575065564667185, 0.09284730499880922, 0.0688025562459238, 0.08996034792685492, 0.13503077799566476, 0.3941476464350657, 0.33024779635110946, 0.08203118386983732, 0.2758421324595197, 0.8034844772603904, 0.13200085105570558, 0.06994775152385913, 0.08443879183981906, 0.11297384856526627, 0.07032724079623875, 0.08178897386465778, 0.12039521756026872, 0.06742824564722127, 0.06967898051917132, 0.13072084028575404], [0.054968311608714515, 0.06507646454008054, 0, 0.0544411965892202, 0.05388515109556735, 0.054313211806448436, 0.05411563482183723, 0.27601569873603893, 0.07665993947480132, 0.07472547898496984, 0.05521498917713785, 0.0707291627471065, 0.10390649915455086, 0.32639785042727176, 0.2777910273604789, 0.0662651347263008, 0.22082534873999826, 0.6679191232850279, 0.1087827599797464, 0.05620004540072543, 0.06798474624032735, 0.09232900211940986, 0.05659227379241116, 0.06573759752753716, 0.09931957359253119, 0.05415203463741136, 0.056169311766520735, 0.10281097433394848], [0.04967313274091367, 0.06630664874571934, 0.0544411965892202, 0, 0.04852472624083859, 0.04931673666842329, 0.04912723238537353, 0.2512873863303007, 0.06933993362650881, 0.06791228151184825, 0.04945478228650657, 0.0634827574390826, 0.09378246688477887, 0.33575423777381985, 0.24597483758140193, 0.059913186557491116, 0.1990012446959426, 0.6224977753987773, 0.09890309038315337, 0.050358966177384445, 0.06148375417433982, 0.08463806040657573, 0.05074364092485695, 0.059441736090374064, 0.09015484858593936, 0.048710737449969344, 0.050566269913662865, 0.09235619586371158], [0.04396419574871757, 0.06716136210537726, 0.05388515109556735, 0.04852472624083859, 0, 0.04433621816698263, 0.043430428665033105, 0.22244833155424715, 0.061030385012223576, 0.0588545192191674, 0.043778184539583265, 0.05608168669871816, 0.08272005831072349, 0.3331149758592762, 0.2482967431849321, 0.05271644553683075, 0.1802823869458301, 0.5601792069799103, 0.09807539674631016, 0.04468236843046469, 0.05550661367383469, 0.07638488037571278, 0.04452222937611694, 0.05345406792908136, 0.07951912553562224, 0.04303413970304959, 0.04473250712896615, 0.08137421048552085], [0.04561403008720433, 0.06685803030892501, 0.054313211806448436, 0.04931673666842329, 0.04433621816698263, 0, 0.044918518338100455, 0.23242659012786326, 0.06367981536634915, 0.061049167359467305, 0.045266274212650615, 0.05842594623257824, 0.08627526129719598, 0.3346415854563425, 0.253035709812373, 0.054528024540733355, 0.17980918934336465, 0.5742459519016947, 0.09960224431610953, 0.04633220276895145, 0.05570877028608834, 0.07888630494734983, 0.046172063714603695, 0.054250657984312056, 0.0824203321431618, 0.04452222937611694, 0.0463823414674529, 0.08389532197323035], [0.044546495919835394, 0.06758829791146326, 0.05411563482183723, 0.04912723238537353, 0.043430428665033105, 0.044918518338100455, 0, 0.22520295691466963, 0.061717824059766, 0.059541958266706274, 0.04436048471070109, 0.05690202424031909, 0.08347972949303539, 0.33445340569974924, 0.25081339466952635, 0.05332301225166347, 0.1822802590106427, 0.5590988920763724, 0.09851615822542925, 0.04527680187343819, 0.05619405272137712, 0.07614278243493189, 0.04510452954723476, 0.05421779968169105, 0.07979408177902769, 0.04361643987416741, 0.04510452954723476, 0.0820575889627655], [0.22130780399958638, 0.3445361679726098, 0.27601569873603893, 0.2512873863303007, 0.22244833155424715, 0.23242659012786326, 0.22520295691466963, 0, 0.21056832551592208, 0.21497888008295618, 0.2220358003110725, 0.21834966338517248, 0.21992871751770693, 1.0526656102256275, 0.8295513827857484, 0.25587977754273616, 0.744385062671995, 1.3466254498947308, 0.42820026592756477, 0.2299346793367114, 0.29287100909319186, 0.3588393035631068, 0.228561964457473, 0.2915327573165385, 0.36203624800780787, 0.22404928540798608, 0.2261828098843619, 0.4193512035051423], [0.062263156918927365, 0.09575065564667185, 0.07665993947480132, 0.06933993362650881, 0.061030385012223576, 0.06367981536634915, 0.061717824059766, 0.21056832551592208, 0, 0.07482856111267822, 0.06185124161116917, 0.08036891559753556, 0.11697532595026772, 0.31922471470344327, 0.3029233159092737, 0.07337661255314387, 0.2580443717319252, 0.6760083695898942, 0.11924711739724181, 0.06305762230574175, 0.0803260078380994, 0.10346544101367172, 0.0628379034458284, 0.08025278223484733, 0.10848080683073391, 0.061297268554067585, 0.06310077485640875, 0.11870942028530607], [0.06053102662156107, 0.09284730499880922, 0.07472547898496984, 0.06791228151184825, 0.0588545192191674, 0.061049167359467305, 0.059541958266706274, 0.21497888008295618, 0.07482856111267822, 0, 0.059444892091843116, 0.0798971318507995, 0.10970103863425962, 0.39265270169921607, 0.24166630113560927, 0.07075351819047881, 0.2563087986585657, 0.665911259689695, 0.12040855063181688, 0.061171820044513936, 0.08036696363007323, 0.1018247245905961, 0.06087122885189444, 0.07844748616675545, 0.10479289276598891, 0.059411466292839776, 0.06092490906335257, 0.11574746166492744], [0.04489425179438555, 0.0688025562459238, 0.05521498917713785, 0.04945478228650657, 0.043778184539583265, 0.045266274212650615, 0.04436048471070109, 0.2220358003110725, 0.06185124161116917, 0.059444892091843116, 0, 0.05716890778215955, 0.08376332593437752, 0.33892758231394815, 0.25144403390841497, 0.05257084627453423, 0.18448812801853975, 0.5676713903013422, 0.09889922736182655, 0.04519186897043426, 0.05667928671762823, 0.07794062255590717, 0.04511260224879621, 0.05454128901252275, 0.08069179857941933, 0.04396419574871757, 0.04545228542178492, 0.08254230390167194], [0.05792102532025467, 0.08996034792685492, 0.0707291627471065, 0.0634827574390826, 0.05608168669871816, 0.05842594623257824, 0.05690202424031909, 0.21834966338517248, 0.08036891559753556, 0.0798971318507995, 0.05716890778215955, 0, 0.10475978764019445, 0.412976959882009, 0.3167400957244837, 0.06742567449823866, 0.18283597985897693, 0.6392035933629145, 0.13001997178659153, 0.05844860716522504, 0.07127921556141104, 0.09788977364471307, 0.05791753224633567, 0.07152976114076992, 0.10251939334690618, 0.056348570240558615, 0.057966065333769023, 0.10156390994373865], [0.08628630801532822, 0.13503077799566476, 0.10390649915455086, 0.09378246688477887, 0.08272005831072349, 0.08627526129719598, 0.08347972949303539, 0.21992871751770693, 0.11697532595026772, 0.10970103863425962, 0.08376332593437752, 0.10475978764019445, 0, 0.5852918520290267, 0.4406204188020002, 0.09868414058033537, 0.3328817208925141, 0.5624302834219073, 0.18771077873193676, 0.08609945397615704, 0.11055034851539602, 0.13859451325993533, 0.08541207371913728, 0.10637195316351367, 0.14058355045789028, 0.0830632345576312, 0.0855669405082864, 0.14877981869054935], [0.33774608703667397, 0.3941476464350657, 0.32639785042727176, 0.33575423777381985, 0.3331149758592762, 0.3346415854563425, 0.33445340569974924, 1.0526656102256275, 0.31922471470344327, 0.39265270169921607, 0.33892758231394815, 0.412976959882009, 0.5852918520290267, 0, 0.832081512938645, 0.3945475693194087, 0.9980154395506506, 2.1442118621633846, 0.30385232549554253, 0.3314854317970095, 0.3228998373267782, 0.3112096589267068, 0.33964912416362125, 0.3756929799995845, 0.45751965065263, 0.3330300429562687, 0.34363086331886095, 0.5854114778035946], [0.25300661780409683, 0.33024779635110946, 0.2777910273604789, 0.24597483758140193, 0.2482967431849321, 0.253035709812373, 0.25081339466952635, 0.8295513827857484, 0.3029233159092737, 0.24166630113560927, 0.25144403390841497, 0.3167400957244837, 0.4406204188020002, 0.832081512938645, 0, 0.2886725508676218, 0.8310686179369071, 1.724615900435813, 0.2225633960850555, 0.25460622390315635, 0.294726685887472, 0.32533527285535513, 0.24687715037753577, 0.25068073224428034, 0.26377749598778877, 0.24802981120405398, 0.25438141347744114, 0.4602325078244185], [0.05391338512434274, 0.08203118386983732, 0.0662651347263008, 0.059913186557491116, 0.05271644553683075, 0.054528024540733355, 0.05332301225166347, 0.25587977754273616, 0.07337661255314387, 0.07075351819047881, 0.05257084627453423, 0.06742567449823866, 0.09868414058033537, 0.3945475693194087, 0.2886725508676218, 0, 0.22158447122540004, 0.6650798626383754, 0.11609381979455335, 0.05245546158909775, 0.0677851887076315, 0.09408057414886528, 0.05248591337152675, 0.06495413421265184, 0.09586931653036501, 0.052692178993115846, 0.05248591337152675, 0.09662787451889798], [0.1863753714938099, 0.2758421324595197, 0.22082534873999826, 0.1990012446959426, 0.1802823869458301, 0.17980918934336465, 0.1822802590106427, 0.744385062671995, 0.2580443717319252, 0.2563087986585657, 0.18448812801853975, 0.18283597985897693, 0.3328817208925141, 0.9980154395506506, 0.8310686179369071, 0.22158447122540004, 0, 1.4075313362333066, 0.3678508225118158, 0.18685143231344448, 0.17466212764218447, 0.30472316782209674, 0.18552612337699692, 0.18557911477588895, 0.3219031757271207, 0.18018532077096516, 0.18740734506525847, 0.21938883571155188], [0.5699102137959002, 0.8034844772603904, 0.6679191232850279, 0.6224977753987773, 0.5601792069799103, 0.5742459519016947, 0.5590988920763724, 1.3466254498947308, 0.6760083695898942, 0.665911259689695, 0.5676713903013422, 0.6392035933629145, 0.5624302834219073, 2.1442118621633846, 1.724615900435813, 0.6650798626383754, 1.4075313362333066, 0, 0.8906386239602817, 0.5824990956589549, 0.6704645298314453, 0.5174813649858656, 0.5757572708990768, 0.6546021895394585, 0.5866246364521466, 0.5624321607782363, 0.5553867356056514, 0.627196030947216], [0.10095823640423873, 0.13200085105570558, 0.1087827599797464, 0.09890309038315337, 0.09807539674631016, 0.09960224431610953, 0.09851615822542925, 0.42820026592756477, 0.11924711739724181, 0.12040855063181688, 0.09889922736182655, 0.13001997178659153, 0.18771077873193676, 0.30385232549554253, 0.2225633960850555, 0.11609381979455335, 0.3678508225118158, 0.8906386239602817, 0, 0.1000195885996682, 0.11402012694851216, 0.12818454755399422, 0.10047649548190662, 0.11233570226463918, 0.14120576949521002, 0.09801473038702113, 0.10083454560450278, 0.18675373906265058], [0.04579843568526698, 0.06994775152385913, 0.05620004540072543, 0.050358966177384445, 0.04468236843046469, 0.04633220276895145, 0.04527680187343819, 0.2299346793367114, 0.06305762230574175, 0.061171820044513936, 0.04519186897043426, 0.05844860716522504, 0.08609945397615704, 0.3314854317970095, 0.25460622390315635, 0.05245546158909775, 0.18685143231344448, 0.5824990956589549, 0.1000195885996682, 0, 0.05766325638749237, 0.07937937443959342, 0.04551535830126596, 0.05538022691647271, 0.08265109772120383, 0.04465810188674979, 0.046368602584525576, 0.08423689260906997], [0.05749098406128894, 0.08443879183981906, 0.06798474624032735, 0.06148375417433982, 0.05550661367383469, 0.05570877028608834, 0.05619405272137712, 0.29287100909319186, 0.0803260078380994, 0.08036696363007323, 0.05667928671762823, 0.07127921556141104, 0.11055034851539602, 0.3228998373267782, 0.294726685887472, 0.0677851887076315, 0.17466212764218447, 0.6704645298314453, 0.11402012694851216, 0.05766325638749237, 0, 0.09594224341223523, 0.0572939261340224, 0.06333219981929616, 0.10197822053216754, 0.05548234713011979, 0.05773874818343927, 0.10312523280571995], [0.07782443696135033, 0.11297384856526627, 0.09232900211940986, 0.08463806040657573, 0.07638488037571278, 0.07888630494734983, 0.07614278243493189, 0.3588393035631068, 0.10346544101367172, 0.1018247245905961, 0.07794062255590717, 0.09788977364471307, 0.13859451325993533, 0.3112096589267068, 0.32533527285535513, 0.09408057414886528, 0.30472316782209674, 0.5174813649858656, 0.12818454755399422, 0.07937937443959342, 0.09594224341223523, 0, 0.07851130851251042, 0.09345550015692794, 0.10438143798857169, 0.07665176391755679, 0.07889895727655372, 0.13731945810480006], [0.04563829663091923, 0.07032724079623875, 0.05659227379241116, 0.05074364092485695, 0.04452222937611694, 0.046172063714603695, 0.04510452954723476, 0.228561964457473, 0.0628379034458284, 0.06087122885189444, 0.04511260224879621, 0.05791753224633567, 0.08541207371913728, 0.33964912416362125, 0.24687715037753577, 0.05248591337152675, 0.18552612337699692, 0.5757572708990768, 0.10047649548190662, 0.04551535830126596, 0.0572939261340224, 0.07851130851251042, 0, 0.05515592842891692, 0.08220599382001481, 0.04449796283240204, 0.04598605250546939, 0.0836831567575338], [0.05512708225755958, 0.08178897386465778, 0.06573759752753716, 0.059441736090374064, 0.05345406792908136, 0.054250657984312056, 0.05421779968169105, 0.2915327573165385, 0.08025278223484733, 0.07844748616675545, 0.05454128901252275, 0.07152976114076992, 0.10637195316351367, 0.3756929799995845, 0.25068073224428034, 0.06495413421265184, 0.18557911477588895, 0.6546021895394585, 0.11233570226463918, 0.05538022691647271, 0.06333219981929616, 0.09345550015692794, 0.05515592842891692, 0, 0.10165034534483652, 0.05342980138536646, 0.055605330105976236, 0.10187789833497973], [0.08095410249361734, 0.12039521756026872, 0.09931957359253119, 0.09015484858593936, 0.07951912553562224, 0.0824203321431618, 0.07979408177902769, 0.36203624800780787, 0.10848080683073391, 0.10479289276598891, 0.08069179857941933, 0.10251939334690618, 0.14058355045789028, 0.45751965065263, 0.26377749598778877, 0.09586931653036501, 0.3219031757271207, 0.5866246364521466, 0.14120576949521002, 0.08265109772120383, 0.10197822053216754, 0.10438143798857169, 0.08220599382001481, 0.10165034534483652, 0, 0.08030655633556805, 0.08166118001819456, 0.14582677334948535], [0.04415020695785188, 0.06742824564722127, 0.05415203463741136, 0.048710737449969344, 0.04303413970304959, 0.04452222937611694, 0.04361643987416741, 0.22404928540798608, 0.061297268554067585, 0.059411466292839776, 0.04396419574871757, 0.056348570240558615, 0.0830632345576312, 0.3330300429562687, 0.24802981120405398, 0.052692178993115846, 0.18018532077096516, 0.5624321607782363, 0.09801473038702113, 0.04465810188674979, 0.05548234713011979, 0.07665176391755679, 0.04449796283240204, 0.05342980138536646, 0.08030655633556805, 0, 0.044918518338100455, 0.08164109402736486], [0.04584857438376844, 0.06967898051917132, 0.056169311766520735, 0.050566269913662865, 0.04473250712896615, 0.0463823414674529, 0.04510452954723476, 0.2261828098843619, 0.06310077485640875, 0.06092490906335257, 0.04545228542178492, 0.057966065333769023, 0.0855669405082864, 0.34363086331886095, 0.25438141347744114, 0.05248591337152675, 0.18740734506525847, 0.5553867356056514, 0.10083454560450278, 0.046368602584525576, 0.05773874818343927, 0.07889895727655372, 0.04598605250546939, 0.055605330105976236, 0.08166118001819456, 0.044918518338100455, 0, 0.08391661450037446], [0.08359364422688742, 0.13072084028575404, 0.10281097433394848, 0.09235619586371158, 0.08137421048552085, 0.08389532197323035, 0.0820575889627655, 0.4193512035051423, 0.11870942028530607, 0.11574746166492744, 0.08254230390167194, 0.10156390994373865, 0.14877981869054935, 0.5854114778035946, 0.4602325078244185, 0.09662787451889798, 0.21938883571155188, 0.627196030947216, 0.18675373906265058, 0.08423689260906997, 0.10312523280571995, 0.13731945810480006, 0.0836831567575338, 0.10187789833497973, 0.14582677334948535, 0.08164109402736486, 0.08391661450037446, 0]],
  "tree": {"4 25 6 10 0 ": 43.057178210730044},
